Date	Open	High	Low	Close	Volume	Adj Close						
9/20/2006	24.93	25.05	24.92	25	107900	23.9						
9/21/2006	24.94	25.05	24.89	24.9	21200	23.81						
9/22/2006	24.76	24.8	24.71	24.8	18100	23.71						
9/25/2006	24.95	25	24.9	25	13600	23.9						
9/26/2006	25.08	25.11	25	25.03	73400	23.93						
9/27/2006	24.95	24.97	24.89	24.95	17600	23.86						
9/28/2006	24.97	24.99	24.93	24.98	227100	23.89						
9/29/2006	25.01	25.03	24.99	25	400000	23.9						
10/2/2006	25	25.03	24.95	25.01	15100	23.91						
10/3/2006	25.04	25.04	24.99	25	19800	23.9						
10/4/2006	25.1	25.16	25.1	25.14	34100	24.04						
10/5/2006	25.18	25.18	25.12	25.15	41800	24.05						
10/6/2006	25.29	25.29	25.23	25.28	131400	24.17						
10/9/2006	25.3	25.42	25.29	25.42	61600	24.31						
10/10/2006	25.48	25.48	25.41	25.45	55000	24.34						
10/11/2006	25.49	25.5	25.4	25.45	31700	24.34						
10/12/2006	25.53	25.56	25.5	25.52	30800	24.4						
10/13/2006	25.59	25.62	25.54	25.58	31600	24.46						
10/16/2006	25.55	25.56	25.47	25.55	14900	24.43						
10/17/2006	25.55	25.57	25.44	25.57	127500	24.45						
10/18/2006	25.65	25.67	25.56	25.63	30000	24.51						
10/19/2006	25.56	25.57	25.5	25.52	26100	24.4						
10/20/2006	25.5	25.54	25.43	25.52	42000	24.4						
10/23/2006	25.49	25.62	25.49	25.59	24400	24.47						
10/24/2006	25.63	25.67	25.6	25.64	35700	24.52						
10/25/2006	25.6	25.61	25.54	25.56	51600	24.44						
10/26/2006	25.42	25.44	25.29	25.38	71300	24.27						
10/27/2006	25.37	25.41	25.3	25.39	28100	24.28						
10/30/2006	25.42	25.47	25.39	25.45	27400	24.34						
10/31/2006	25.53	25.53	25.41	25.48	39600	24.36						
11/1/2006	25.51	25.54	25.45	25.52	24400	24.4						
11/2/2006	25.53	25.55	25.5	25.52	22800	24.4						
11/3/2006	25.59	25.63	25.57	25.59	57800	24.47						
11/6/2006	25.6	25.64	25.53	25.62	95100	24.5						
11/7/2006	25.5	25.58	25.48	25.55	43800	24.43						
11/8/2006	25.5	25.51	25.4	25.49	60500	24.37						
11/9/2006	25.41	25.41	25.25	25.34	48700	24.23						
11/10/2006	25.25	25.27	25.17	25.27	91300	24.16						
11/13/2006	25.23	25.27	25.19	25.25	58000	24.14						
11/14/2006	25.18	25.25	25.17	25.21	32100	24.11						
11/15/2006	25.3	25.31	25.2	25.23	30700	24.12						
11/16/2006	25.25	25.41	25.25	25.39	57600	24.28						
11/17/2006	25.36	25.4	25.3	25.38	81300	24.27						
11/20/2006	25.4	25.47	25.35	25.47	129700	24.35						
11/21/2006	25.5	25.5	25.4	25.47	21800	24.35						
11/22/2006	25.43	25.43	25.22	25.31	133000	24.2						
11/24/2006	25	25.08	24.89	25.06	29100	23.96						
11/27/2006	25	25	24.9	24.98	46000	23.89						
11/28/2006	25.1	25.15	25	25.14	52800	24.04						
11/29/2006	25.15	25.23	25.07	25.13	233400	24.03						
11/30/2006	25.21	25.23	25.06	25.14	138900	24.04						
12/1/2006	25.02	25.12	24.56	25.04	229700	23.94						
12/4/2006	25	25.09	24.96	25.09	42500	23.99						
12/5/2006	25.02	25.02	24.9	24.99	98500	23.9						
12/6/2006	25.05	25.11	24.98	25.1	49100	24						
12/7/2006	25.07	25.13	25.05	25.05	20000	23.95						
12/8/2006	25.11	25.31	25.1	25.28	83000	24.17						
12/11/2006	25.22	25.33	25.22	25.31	47000	24.2						
12/12/2006	25.35	25.35	25.25	25.31	15600	24.2						
12/13/2006	25.34	25.46	25.34	25.44	13000	24.33						
12/14/2006	25.5	25.59	25.43	25.56	29100	24.44						
12/15/2006	25.6	25.71	25.51	25.7	48700	24.57						
12/18/2006	25.65	26.13	25.62	25.62	927300	24.55						
12/19/2006	25.63	25.69	25.56	25.58	269600	24.52						
12/20/2006	25.65	25.72	25.6	25.67	175400	24.6						
12/21/2006	25.64	25.67	25.6	25.63	120200	24.56						
12/22/2006	25.85	25.85	25.59	25.79	111100	24.72						
12/26/2006	25.84	25.84	25.76	25.82	102500	24.75						
12/27/2006	25.82	25.91	25.8	25.91	115200	24.83						
12/28/2006	25.92	26	25.91	26	360600	24.92						
12/29/2006	26	26.01	25.77	25.95	161800	24.87						
1/3/2007	26	26.16	26	26.08	285700	25						
1/4/2007	26.05	26.12	26.01	26.1	179000	25.02						
1/5/2007	26	26.02	25.85	25.88	186200	24.8						
1/8/2007	26	26.01	25.92	25.95	177900	24.87						
1/9/2007	26.15	26.19	26	26.14	186900	25.05						
1/10/2007	26.14	26.16	26.07	26.12	187600	25.03						
1/11/2007	26.3	26.39	26.25	26.34	401900	25.25						
1/12/2007	26.3	26.34	26.2	26.26	143100	25.17						
1/16/2007	26.4	26.4	26.26	26.32	186200	25.23						
1/17/2007	26.35	26.39	26.28	26.34	185400	25.25						
1/18/2007	26.54	26.54	26.41	26.46	357100	25.36						
1/19/2007	26.55	26.55	26.44	26.48	147500	25.38						
1/22/2007	26.65	26.65	26.54	26.56	335800	25.46						
1/23/2007	26.55	26.55	26.45	26.5	310700	25.4						
1/24/2007	26.5	26.5	26.27	26.47	273400	25.37						
1/25/2007	26.45	26.45	26.27	26.35	199400	25.25						
1/26/2007	26.4	26.44	26.3	26.42	251900	25.32						
1/29/2007	26.5	26.5	26.3	26.36	325100	25.26						
1/30/2007	26.3	26.3	26.21	26.25	174700	25.16						
1/31/2007	26.25	26.25	26.02	26.14	199000	25.05						
2/1/2007	26.13	26.14	25.98	26.06	206900	24.98						
2/2/2007	26.14	26.18	26.07	26.17	276800	25.08						
2/5/2007	26.25	26.28	26.17	26.26	147000	25.17						
2/6/2007	26.2	26.2	26.07	26.09	355300	25.01						
2/7/2007	26.19	26.29	26.1	26.24	127300	25.15						
2/8/2007	26.3	26.31	26.22	26.27	149900	25.18						
2/9/2007	26.35	26.35	26.21	26.29	133500	25.2						
2/12/2007	26.32	26.38	26.26	26.36	128500	25.26						
2/13/2007	26.41	26.42	26.35	26.4	111200	25.3						
2/14/2007	26.4	26.42	26.33	26.37	95200	25.27						
2/15/2007	26.4	26.48	26.27	26.32	211300	25.23						
2/16/2007	26.45	26.48	26.37	26.42	83800	25.32						
2/20/2007	26.47	26.57	26.47	26.54	142900	25.44						
2/21/2007	26.7	26.81	26.69	26.77	152800	25.66						
2/22/2007	26.86	26.87	26.7	26.8	120900	25.69						
2/23/2007	26.78	26.8	26.7	26.77	179000	25.66						
2/26/2007	26.76	26.81	26.67	26.71	84700	25.6						
2/27/2007	26.3	26.47	26.09	26.24	159800	25.15						
2/28/2007	26.25	26.38	26.25	26.36	103000	25.26						
3/1/2007	26.17	26.28	26.09	26.24	161500	25.15						
3/2/2007	26.01	26.15	25.92	26	139900	24.92						
3/5/2007	25.85	25.88	25.71	25.72	287000	24.65						
3/6/2007	25.82	25.99	25.79	25.95	130900	24.87						
3/7/2007	26	26.02	25.81	25.86	78100	24.78						
3/8/2007	26.05	26.19	26.05	26.1	66300	25.02						
3/9/2007	26.39	26.4	26.25	26.4	79000	25.3						
3/12/2007	26.29	26.37	26.17	26.35	71800	25.25						
3/13/2007	26.18	26.3	26.05	26.06	53800	24.98						
3/14/2007	26.06	26.19	26	26.17	503300	25.08						
3/15/2007	26.2	26.33	26.19	26.32	70200	25.23						
3/16/2007	26.29	26.3	26.19	26.27	63300	25.18						
3/19/2007	26.35	26.53	26.35	26.47	172100	25.37						
3/20/2007	26.45	26.63	26.43	26.62	60200	25.51						
3/21/2007	26.71	26.71	26.6	26.71	68500	25.6						
3/22/2007	26.85	26.85	26.71	26.82	169400	25.71						
3/23/2007	26.82	26.88	26.79	26.87	105200	25.75						
3/26/2007	26.97	27.05	26.88	27	78600	25.88						
3/27/2007	27	27	26.89	26.92	84700	25.8						
3/28/2007	26.66	26.83	26.66	26.79	87700	25.68						
3/29/2007	26.99	26.99	26.88	26.94	67800	25.82						
3/30/2007	26.96	27.04	26.88	26.97	110800	25.85						
4/2/2007	27.18	27.22	27.11	27.22	70600	26.09						
4/3/2007	27.24	27.29	27.2	27.28	68500	26.15						
4/4/2007	27.19	27.3	27.12	27.28	66000	26.15						
4/5/2007	27.23	27.24	27.16	27.24	79000	26.11						
4/9/2007	27.19	27.28	27.16	27.28	78700	26.15						
4/10/2007	27.37	27.44	27.28	27.43	125400	26.29						
4/11/2007	27.5	28.01	27.43	27.46	163300	26.32						
4/12/2007	27.44	27.49	27.35	27.48	141800	26.34						
4/13/2007	27.58	27.67	27.5	27.65	176700	26.5						
4/16/2007	27.67	27.69	27.6	27.66	294500	26.51						
4/17/2007	27.65	27.75	27.65	27.72	173700	26.57						
4/18/2007	27.65	27.73	27.55	27.69	166900	26.54						
4/19/2007	27.62	27.63	27.53	27.55	71500	26.4						
4/20/2007	27.73	27.75	27.62	27.74	81900	26.59						
4/23/2007	27.73	27.74	27.6	27.64	78000	26.49						
4/24/2007	27.5	27.51	27.43	27.47	108600	26.33						
4/25/2007	27.5	27.59	27.49	27.56	83700	26.41						
4/26/2007	27.46	27.5	27.4	27.48	89100	26.34						
4/27/2007	27.47	27.58	27.47	27.52	73600	26.38						
4/30/2007	27.56	27.58	27.46	27.55	80000	26.4						
5/1/2007	27.59	27.66	27.55	27.64	103200	26.49						
5/2/2007	27.6	27.62	27.47	27.55	101600	26.4						
5/3/2007	27.59	27.63	27.48	27.63	87900	26.48						
5/4/2007	27.55	27.57	27.43	27.56	102300	26.41						
5/7/2007	27.64	27.64	27.54	27.62	76000	26.47						
5/8/2007	27.75	27.75	27.65	27.73	105900	26.58						
5/9/2007	27.74	27.76	27.7	27.75	114700	26.6						
5/10/2007	27.7	27.81	27.65	27.66	106600	26.51						
5/11/2007	27.74	27.82	27.64	27.78	102700	26.63						
5/14/2007	27.88	27.88	27.8	27.83	78700	26.67						
5/15/2007	27.83	27.83	27.75	27.79	120600	26.63						
5/16/2007	27.79	27.8	27.68	27.76	219100	26.61						
5/17/2007	27.75	27.82	27.7	27.82	115000	26.66						
5/18/2007	27.74	27.82	27.68	27.79	79900	26.63						
5/21/2007	27.74	27.86	27.74	27.85	146800	26.69						
5/22/2007	27.93	27.93	27.75	27.79	201600	26.63						
5/23/2007	27.87	27.92	27.83	27.9	109300	26.74						
5/24/2007	27.85	27.9	27.78	27.79	146300	26.63						
5/25/2007	27.78	27.89	27.78	27.85	93200	26.69						
5/29/2007	27.88	27.89	27.81	27.89	139100	26.73						
5/30/2007	27.95	28	27.93	28	118900	26.84						
5/31/2007	28.14	28.23	28.1	28.2	293200	27.03						
6/1/2007	28.25	28.41	28.24	28.41	89700	27.23						
6/4/2007	28.35	28.45	28.35	28.42	112000	27.24						
6/5/2007	28.41	28.48	28.36	28.48	149300	27.3						
6/6/2007	28.5	29	28.43	28.47	255200	27.29						
6/7/2007	28.6	28.69	28.45	28.57	282300	27.38						
6/8/2007	28.72	28.85	28.67	28.85	191000	27.65						
6/11/2007	28.65	28.75	28.61	28.75	152900	27.55						
6/12/2007	28.83	28.97	28.78	28.85	162600	27.65						
6/13/2007	28.88	28.98	28.85	28.95	196700	27.75						
6/14/2007	28.85	28.95	28.82	28.94	212300	27.74						
6/15/2007	29.03	29.09	28.96	29.09	134100	27.88						
6/18/2007	29.08	29.09	28.98	29.08	212300	27.87						
6/19/2007	29.1	29.27	29.04	29.25	361900	28.03						
6/20/2007	29.03	33.5	28.89	29.15	429100	27.94						
6/21/2007	29.25	29.5	29.08	29.19	224400	27.98						
6/22/2007	29.2	29.9	29	29	485100	27.79						
6/25/2007	29.21	29.22	29	29.12	262400	27.91						
6/26/2007	29.22	29.22	29.06	29.15	299800	27.94						
6/27/2007	28.97	28.98	28.74	28.85	186200	27.65						
6/28/2007	29	29.17	29	29.11	369600	27.9						
6/29/2007	29.15	29.19	28.95	28.97	326900	27.77						
7/2/2007	29.17	29.25	29.02	29.18	125200	27.97						
7/3/2007	29.15	29.15	29.06	29.09	86600	27.88						
7/5/2007	29.27	29.28	29.15	29.22	185300	28.01						
7/6/2007	29.25	29.26	29.09	29.21	188100	28						
7/9/2007	29.23	29.35	29.2	29.35	343300	28.13						
7/10/2007	29.2	29.2	29.05	29.09	391600	27.88						
7/11/2007	29.03	29.09	29	29.09	137500	27.88						
7/12/2007	29.09	29.15	29.01	29.14	189200	27.93						
7/13/2007	29.16	29.22	29.06	29.22	270800	28.01						
7/16/2007	29.33	29.38	29.2	29.38	344600	28.16						
7/17/2007	29.43	29.46	29.39	29.41	250500	28.19						
7/18/2007	29.41	29.55	29.41	29.54	186000	28.31						
7/19/2007	29.5	29.55	29.46	29.51	231900	28.28						
7/20/2007	29.61	29.61	29.01	29.52	176600	28.29						
7/23/2007	29.72	29.81	29.65	29.78	170300	28.54						
7/24/2007	29.52	29.79	29.51	29.55	227700	28.32						
7/25/2007	29.87	29.88	29.7	29.78	116800	28.54						
7/26/2007	29.49	29.5	29.07	29.17	308100	27.96						
7/27/2007	29.01	29.17	28.54	28.55	511500	27.36						
7/30/2007	28.54	28.69	28.42	28.69	249000	27.5						
7/31/2007	28.93	28.93	28.62	28.74	482500	27.55						
8/1/2007	28.65	28.76	28.54	28.64	344700	27.45						
8/2/2007	28.79	28.91	27.88	28.77	366100	27.57						
8/3/2007	28.55	28.84	27.9	28.69	373700	27.5						
8/6/2007	28.42	28.7	28.15	28.56	337100	27.37						
8/7/2007	28.5	28.61	28.4	28.58	101300	27.39						
8/8/2007	28.86	28.95	28.8	28.86	227100	27.66						
8/9/2007	28.58	28.71	28.44	28.52	185400	27.33						
8/10/2007	28.18	28.47	28.12	28.44	214000	27.26						
8/13/2007	28.39	28.42	28.23	28.39	284400	27.21						
8/14/2007	28.12	28.21	28.05	28.13	219200	26.96						
8/15/2007	27.83	28	27.73	27.75	579400	26.6						
8/16/2007	26.85	26.97	26.33	26.93	1281400	25.81						
8/17/2007	27.24	27.24	26.56	27	254700	25.88						
8/20/2007	26.8	27.34	26.8	27.28	945900	26.15						
8/21/2007	27.03	27.21	26.97	27.14	376300	26.01						
8/22/2007	27.26	27.35	27.14	27.19	137800	26.06						
8/23/2007	27.76	27.82	27.55	27.79	152800	26.63						
8/24/2007	27.78	27.91	27.66	27.91	116600	26.75						
8/27/2007	27.86	27.92	27.77	27.86	226200	26.7						
8/28/2007	27.47	27.58	27.22	27.33	173200	26.19						
8/29/2007	27.33	27.67	27.26	27.67	144600	26.52						
8/30/2007	27.42	27.62	27.42	27.55	121400	26.4						
8/31/2007	27.61	27.67	27.43	27.61	107800	26.46						
9/4/2007	27.65	27.8	27.61	27.68	216000	26.53						
9/5/2007	27.48	27.6	27.31	27.43	170700	26.29						
9/6/2007	27.43	27.51	27.32	27.49	269200	26.35						
9/7/2007	27.48	27.48	27.05	27.22	136900	26.09						
9/10/2007	27.17	27.26	27.06	27.26	208600	26.13						
9/11/2007	27.17	27.59	27.17	27.59	94300	26.44						
9/12/2007	27.37	27.57	27.37	27.45	176100	26.31						
9/13/2007	27.49	27.72	27.45	27.65	247700	26.5						
9/14/2007	27.5	27.68	27.45	27.52	86000	26.38						
9/17/2007	27.43	27.53	27.25	27.37	99400	26.23						
9/18/2007	27.57	27.93	27.34	27.93	223000	26.77						
9/19/2007	27.93	28.03	27.9	27.9	136200	26.74						
9/20/2007	27.99	27.99	27.75	27.82	83600	26.66						
9/21/2007	28	28.08	27.96	28.07	157500	26.9						
9/24/2007	27.99	28.05	27.95	28.05	89200	26.88						
9/25/2007	27.78	27.97	27.76	27.94	95400	26.78						
9/26/2007	28.17	28.2	28.06	28.18	121100	27.01						
9/27/2007	28.31	28.4	28.21	28.4	301800	27.22						
9/28/2007	28.28	28.45	28.28	28.44	103100	27.26						
10/1/2007	28.51	28.7	28.51	28.68	170900	27.49						
10/2/2007	28.66	28.69	28.53	28.65	89900	27.46						
10/3/2007	28.69	28.74	28.56	28.61	82500	27.42						
10/4/2007	28.64	28.69	28.54	28.67	138400	27.48						
10/5/2007	28.87	28.9	28.82	28.84	94200	27.64						
10/8/2007	28.92	29.03	28.91	28.91	121200	27.71						
10/9/2007	28.93	29	28.81	28.96	94900	27.76						
10/10/2007	28.95	28.98	28.85	28.96	324300	27.76						
10/11/2007	29.04	29.11	28.91	28.97	126000	27.77						
10/12/2007	29.03	29.16	29.01	29.14	82600	27.93						
10/15/2007	29.1	29.1	28.8	28.88	82300	27.68						
10/16/2007	28.58	28.58	28.37	28.5	130600	27.32						
10/17/2007	28.67	28.81	28.47	28.69	108900	27.5						
10/18/2007	28.5	28.67	28.47	28.59	69800	27.4						
10/19/2007	28.55	28.58	28.42	28.43	107500	27.25						
10/22/2007	28.23	28.42	28.16	28.42	270300	27.24						
10/23/2007	28.61	28.76	28.51	28.76	446100	27.56						
10/24/2007	28.67	28.7	28.5	28.7	135000	27.51						
10/25/2007	28.74	28.79	28.65	28.78	236200	27.58						
10/26/2007	28.76	28.92	28.74	28.92	180000	27.72						
10/29/2007	29.01	29.05	28.92	29.03	96900	27.82						
10/30/2007	28.95	29.03	28.89	28.93	103200	27.73						
10/31/2007	29.01	29.29	29.01	29.29	108000	28.07						
11/1/2007	29.14	29.15	28.65	28.88	202100	27.68						
11/2/2007	29.17	29.17	28.82	29	161200	27.79						
11/5/2007	28.96	29.12	28.86	29.12	111400	27.91						
11/6/2007	29.5	29.5	29.03	29.19	286100	27.98						
11/7/2007	29.19	29.22	28.94	28.98	168700	27.78						
11/8/2007	28.82	29	28.71	28.91	159400	27.71						
11/9/2007	30.2	30.2	28.26	28.32	133500	27.14						
11/12/2007	28.09	28.3	27.3	27.41	267100	26.27						
11/13/2007	28.95	28.95	27.79	28.1	217100	26.93						
11/14/2007	28.5	28.5	27.95	28.08	153200	26.91						
11/15/2007	27.86	27.94	27.59	27.59	342200	26.44						
11/16/2007	27.98	27.98	27.69	27.88	96200	26.72						
11/19/2007	27.87	27.87	27.56	27.68	128500	26.53						
11/20/2007	28	28	27.59	27.74	304500	26.59						
11/21/2007	28	28	27.15	27.3	194100	26.17						
11/23/2007	27.99	27.99	27.12	27.31	41700	26.17						
11/26/2007	27.96	27.96	26.91	26.92	222500	25.8						
11/27/2007	26.4	27.54	26.4	27.53	269000	26.39						
11/28/2007	27.94	28.2	27.91	28.13	208700	26.96						
11/29/2007	28.25	28.28	27.8	27.98	224800	26.82						
11/30/2007	28.1	28.33	28.04	28.27	156400	27.09						
12/3/2007	27.99	28.3	27.99	28.18	107200	27.01						
12/4/2007	28.06	28.06	27.74	27.82	234800	26.66						
12/5/2007	27.87	28.08	27.84	28.08	152000	26.91						
12/6/2007	28.27	28.34	28.06	28.34	159900	27.16						
12/7/2007	28.22	28.41	28.22	28.3	76700	27.12						
12/10/2007	28.3	28.48	28.27	28.48	195600	27.3						
12/11/2007	28.5	28.62	28.12	28.12	103700	26.95						
12/12/2007	28.96	28.96	28.57	28.74	99600	27.55						
12/13/2007	28.67	28.7	28.5	28.64	87500	27.45						
12/14/2007	28.51	28.52	28.34	28.47	116200	27.29						
12/17/2007	27.75	27.75	27.41	27.48	154000	27.1						
12/18/2007	27.54	27.64	27.44	27.58	92400	27.2						
12/19/2007	27.6	27.66	27.43	27.56	91000	27.18						
12/20/2007	27.58	27.6	27.42	27.6	117500	27.22						
12/21/2007	27.78	27.79	27.61	27.69	205500	27.31						
12/24/2007	27.73	27.85	27.7	27.77	89300	27.39						
12/26/2007	27.74	27.89	27.72	27.87	170700	27.48						
12/27/2007	27.7	27.83	27.7	27.75	214300	27.37						
12/28/2007	27.61	27.63	27.43	27.45	182400	27.07						
12/31/2007	27.46	27.59	27.4	27.48	250500	27.1						
1/2/2008	27.38	27.42	27.03	27.23	126800	26.85						
1/3/2008	27.28	27.28	26.77	26.89	239800	26.52						
1/4/2008	26.95	26.95	26.57	26.69	374400	26.32						
1/7/2008	26.7	26.86	26.58	26.73	106500	26.36						
1/8/2008	26.8	27.07	26.8	26.91	138700	26.54						
1/9/2008	27.08	27.08	26.92	27.06	139900	26.68						
1/10/2008	26.84	27.17	26.84	27.17	97600	26.79						
1/11/2008	26.98	27.11	26.91	27	108000	26.63						
1/14/2008	26.95	27.03	26.9	27.01	101900	26.64						
1/15/2008	27.09	27.09	26.65	26.71	197000	26.34						
1/16/2008	26.32	26.85	26.31	26.73	173200	26.36						
1/17/2008	26.87	27.01	26.59	26.59	884300	26.22						
1/18/2008	26.69	26.76	26.44	26.5	290000	26.13						
1/22/2008	26.23	26.74	26.23	26.63	340500	26.26						
1/23/2008	26.36	26.78	26.24	26.68	207600	26.31						
1/24/2008	26.9	26.9	26.53	26.78	250200	26.41						
1/25/2008	26.87	27.03	26.74	26.91	206100	26.54						
1/28/2008	27.07	27.07	26.74	26.95	169600	26.58						
1/29/2008	27.05	27.07	26.96	27.07	121500	26.69						
1/30/2008	26.96	27.21	26.95	27.07	101300	26.69						
1/31/2008	26.83	27.12	26.76	27.02	100700	26.65						
2/1/2008	26.98	27.26	26.94	27.26	198100	26.88						
2/4/2008	27.34	27.34	27.12	27.24	87300	26.86						
2/5/2008	27.03	27.24	27.03	27.15	148500	26.77						
2/6/2008	27.12	27.2	27.06	27.13	79300	26.75						
2/7/2008	26.99	27.4	26.99	27.34	1256200	26.96						
2/8/2008	27.3	27.39	27.21	27.33	136100	26.95						
2/11/2008	27.19	27.45	27.19	27.45	138300	27.07						
2/12/2008	27.5	27.54	27.33	27.42	176800	27.04						
2/13/2008	27.46	27.48	27.26	27.44	186800	27.06						
2/14/2008	27.59	27.6	27.28	27.38	69600	27						
2/15/2008	27.2	27.32	27.11	27.21	105000	26.83						
2/19/2008	27.7	27.7	27.34	27.45	141800	27.07						
2/20/2008	27.42	27.5	27.3	27.48	237500	27.1						
2/21/2008	27.43	27.57	27.31	27.39	106000	27.01						
2/22/2008	27.33	27.5	27.33	27.5	83300	27.12						
2/25/2008	27.5	27.76	27.5	27.69	81300	27.31						
2/26/2008	27.86	27.86	27.56	27.64	99600	27.26						
2/27/2008	27.37	27.62	27.37	27.57	126200	27.19						
2/28/2008	27.61	27.61	27.33	27.38	85300	27						
2/29/2008	27.08	27.08	26.72	26.83	179800	26.46						
3/3/2008	26.65	26.88	26.56	26.85	182200	26.48						
3/4/2008	26.68	26.7	26.37	26.62	219500	26.25						
3/5/2008	26.63	26.77	26.53	26.69	89700	26.32						
3/6/2008	26.75	26.76	26.4	26.42	112700	26.05						
3/7/2008	26.43	26.59	26.34	26.53	188000	26.16						
3/10/2008	26.53	26.53	26.05	26.16	99500	25.8						
3/11/2008	26.43	26.76	26.43	26.76	79800	26.39						
3/12/2008	26.63	26.63	26.5	26.5	78800	26.13						
3/13/2008	26.34	26.71	26.29	26.64	73000	26.27						
3/14/2008	26.68	26.68	26.03	26.25	249300	25.89						
3/17/2008	25.73	25.8	24.9	25.41	347300	25.06						
3/18/2008	25.99	26.03	25.71	26.03	72800	25.67						
3/19/2008	25.99	26.19	25.66	25.78	117500	25.42						
3/20/2008	25.41	25.67	25.37	25.59	153400	25.24						
3/24/2008	25.38	26	25.37	25.98	95500	25.62						
3/25/2008	26	26.2	25.71	25.95	302500	25.59						
3/26/2008	26.12	26.12	25.77	25.89	395800	25.53						
3/27/2008	25.87	26.13	25.87	26.01	65000	25.65						
3/28/2008	26.09	26.09	25.84	25.88	71500	25.52						
3/31/2008	25.9	25.91	25.62	25.71	150500	25.35						
4/1/2008	25.91	25.93	25.71	25.89	129400	25.53						
4/2/2008	25.82	26.17	25.82	26.03	208200	25.67						
4/3/2008	25.75	26.11	25.75	26.09	185300	25.73						
4/4/2008	25.94	26.22	25.94	26.07	95500	25.71						
4/7/2008	26.49	26.53	26.38	26.5	139000	26.13						
4/8/2008	26.18	26.53	26.18	26.44	299700	26.07						
4/9/2008	26.64	26.64	26.26	26.46	82100	26.09						
4/10/2008	26.31	26.55	26.21	26.52	95200	26.15						
4/11/2008	26.31	26.41	26.23	26.33	111400	25.97						
4/14/2008	26.32	26.32	26.02	26.23	209800	25.87						
4/15/2008	26.26	26.34	26.15	26.34	118800	25.97						
4/16/2008	26.4	26.52	26.26	26.48	142800	26.11						
4/17/2008	26.62	26.63	26.39	26.61	128500	26.24						
4/18/2008	26.86	26.87	26.61	26.69	229100	26.32						
4/21/2008	26.58	26.84	26.58	26.68	124900	26.31						
4/22/2008	26.96	26.96	26.76	26.84	171600	26.47						
4/23/2008	26.96	27	26.82	26.99	118200	26.62						
4/24/2008	27	27	26.71	26.76	148300	26.39						
4/25/2008	26.7	26.7	26.5	26.51	150400	26.14						
4/28/2008	26.55	26.8	26.55	26.7	134300	26.33						
4/29/2008	26.68	26.68	26.44	26.52	149900	26.15						
4/30/2008	26.53	26.89	26.53	26.7	152700	26.33						
5/1/2008	26.57	26.75	26.57	26.74	133600	26.37						
5/2/2008	26.86	26.96	26.83	26.94	82800	26.57						
5/5/2008	26.99	27.14	26.97	27.14	116800	26.76						
5/6/2008	26.87	27.2	26.87	27.13	171100	26.75						
5/7/2008	27.23	27.23	26.87	26.92	126800	26.55						
5/8/2008	26.92	26.92	26.65	26.69	170500	26.32						
5/9/2008	26.43	26.69	26.43	26.68	294600	26.31						
5/12/2008	26.68	26.91	26.68	26.83	203700	26.46						
5/13/2008	26.8	26.94	26.78	26.87	119800	26.5						
5/14/2008	26.99	26.99	26.69	26.78	117200	26.41						
5/15/2008	26.93	26.93	26.62	26.86	61400	26.49						
5/16/2008	26.86	27.1	26.86	27.09	125800	26.71						
5/19/2008	27.1	27.2	26.98	27.07	274600	26.69						
5/20/2008	27.13	27.13	26.93	27.02	196000	26.65						
5/21/2008	26.63	27.1	26.63	26.98	102500	26.61						
5/22/2008	27.11	27.2	27.05	27.15	183500	26.77						
5/23/2008	27.03	27.12	26.98	27	103300	26.63						
5/27/2008	27.14	27.27	27.01	27.21	127800	26.83						
5/28/2008	27.16	27.27	27.14	27.27	110900	26.89						
5/29/2008	27.33	27.33	27.12	27.25	127900	26.87						
5/30/2008	27.11	27.24	27.1	27.18	131700	26.8						
6/2/2008	27.18	27.18	26.96	26.96	89800	26.59						
6/3/2008	26.83	27.11	26.83	27.03	147300	26.66						
6/4/2008	26.85	27.12	26.85	27.06	60000	26.68						
6/5/2008	27.01	27.1	26.9	27	225700	26.63						
6/6/2008	27.01	27.1	26.97	27.04	112100	26.67						
6/9/2008	26.96	27.03	26.81	26.89	87600	26.52						
6/10/2008	26.92	26.92	26.72	26.78	192300	26.41						
6/11/2008	26.63	26.84	26.63	26.82	123100	26.45						
6/12/2008	26.74	26.74	26.51	26.69	92300	26.32						
6/13/2008	26.5	26.78	26.5	26.71	77600	26.34						
6/16/2008	26.6	26.91	26.6	26.83	58500	26.46						
6/17/2008	26.91	26.92	26.82	26.91	68400	26.54						
6/18/2008	26.96	26.98	26.81	26.97	70200	26.6						
6/19/2008	26.86	27.12	26.86	27.04	98700	26.67						
6/20/2008	27.04	27.08	26.98	27.03	78700	26.66						
6/23/2008	27.01	27.13	26.98	27.12	58100	26.74						
6/24/2008	27.06	27.19	27.05	27.16	85500	26.78						
6/25/2008	27.22	27.29	27.13	27.27	60800	26.89						
6/26/2008	26.94	27.18	26.94	27.03	121200	26.66						
6/27/2008	27.1	27.11	26.95	27.02	136400	26.65						
6/30/2008	27.1	27.1	26.89	27.02	181600	26.65						
7/1/2008	26.89	26.93	26.75	26.91	128900	26.54						
7/2/2008	27.24	27.24	26.94	27	125300	26.63						
7/3/2008	27.09	27.11	26.94	26.95	181300	26.58						
7/7/2008	26.81	27.09	26.81	26.98	76700	26.61						
7/8/2008	26.81	27	26.81	26.96	142300	26.59						
7/9/2008	27.11	27.16	26.98	27.05	103900	26.68						
7/10/2008	26.92	27.16	26.92	27.16	72900	26.78						
7/11/2008	27.09	27.12	26.99	27.02	74100	26.65						
7/14/2008	27	27.22	27	27.21	295300	26.83						
7/15/2008	27.22	27.29	27.14	27.15	84400	26.77						
7/16/2008	27.09	27.2	27.08	27.19	157000	26.81						
7/17/2008	27.25	27.3	27.1	27.26	84600	26.88						
7/18/2008	27.36	27.36	27.24	27.31	74600	26.93						
7/21/2008	27.33	27.38	27.28	27.37	127800	26.99						
7/22/2008	27.2	27.35	27.2	27.35	75800	26.97						
7/23/2008	27.41	27.41	27.11	27.19	143600	26.81						
7/24/2008	26.96	27.05	26.91	26.91	65700	26.54						
7/25/2008	26.89	27.18	26.89	27	130200	26.63						
7/28/2008	27.04	27.06	26.98	27.06	107100	26.68						
7/29/2008	27.21	27.21	26.93	27.04	106600	26.67						
7/30/2008	27.18	27.18	26.85	26.93	142400	26.56						
7/31/2008	26.73	27	26.73	26.98	85300	26.61						
8/1/2008	26.91	26.91	26.7	26.76	125300	26.39						
8/4/2008	26.66	26.88	26.66	26.84	89100	26.47						
8/5/2008	26.58	26.61	26.51	26.54	334300	26.17						
8/6/2008	26.38	26.62	26.38	26.62	115700	26.25						
8/7/2008	26.52	26.56	26.46	26.47	100900	26.1						
8/8/2008	26.26	26.3	26.1	26.21	124800	25.85						
8/11/2008	26.01	26.25	26.01	26.18	240300	25.82						
8/12/2008	26.1	26.1	25.95	25.96	179100	25.6						
8/13/2008	25.74	26.11	25.72	26.04	111100	25.68						
8/14/2008	26.18	26.18	25.92	25.92	114900	25.56						
8/15/2008	25.79	26.17	25.79	26.04	199700	25.68						
8/18/2008	26.01	26.29	26.01	26.1	130400	25.74						
8/19/2008	25.94	26.26	25.94	26.16	69700	25.8						
8/20/2008	26.34	26.34	26.13	26.22	95200	25.86						
8/21/2008	26.16	26.38	26.16	26.38	56800	26.01						
8/22/2008	26.34	26.34	26.17	26.25	66400	25.89						
8/25/2008	25.98	26.21	25.98	26.1	60800	25.74						
8/26/2008	26.04	26.04	25.77	25.89	60100	25.53						
8/27/2008	26.05	26.08	25.91	26.02	174300	25.66						
8/28/2008	26.17	26.17	26	26.06	80800	25.7						
8/29/2008	26.07	26.07	25.84	25.95	103300	25.59						
9/2/2008	25.54	25.54	25.41	25.52	128400	25.17						
9/3/2008	25.34	25.51	25.27	25.35	132500	25						
9/4/2008	25.2	25.42	24.93	24.98	112200	24.63						
9/5/2008	24.67	24.83	24.6	24.79	194500	24.45						
9/8/2008	23.87	25.12	23.5	24.91	531500	24.56						
9/9/2008	24.8	24.94	24.62	24.68	323600	24.34						
9/10/2008	24.52	24.85	24.52	24.68	79700	24.34						
9/11/2008	24.08	24.38	24.06	24.34	284300	24						
9/12/2008	23.97	25.01	23.4	25.01	76600	24.66						
9/15/2008	23.79	24.52	23.79	24.19	200100	23.85						
9/16/2008	23.32	24.13	23.31	24.11	408200	23.78						
9/17/2008	23.75	24.21	23.67	24.08	287900	23.75						
9/18/2008	24.11	24.37	24.01	24.21	217500	23.87						
9/19/2008	24.04	25.23	24	25.1	101900	24.75						
9/22/2008	24.45	25.38	24.45	25.15	127700	24.8						
9/23/2008	25.01	25.16	24.79	25.03	166000	24.68						
9/24/2008	25.01	25.16	24.93	24.93	55400	24.58						
9/25/2008	24.97	25.11	24.96	25.03	119700	24.68						
9/26/2008	24.85	25	24.85	24.93	54400	24.58						
9/29/2008	24.52	24.57	23.9	24.13	118200	23.8						
9/30/2008	24.31	24.43	24.13	24.26	84200	23.92						
10/1/2008	23.72	24.47	23.72	24.25	106700	23.91						
10/2/2008	24.06	24.21	23.71	23.83	216000	23.5						
10/3/2008	23.95	24.14	23.81	23.82	108300	23.49						
10/6/2008	22.97	23.11	20.56	22.18	607400	21.87						
10/7/2008	22.56	22.89	21.6	22.27	271300	21.96						
10/8/2008	21.34	21.76	20.92	21.49	187600	21.19						
10/9/2008	22.08	22.41	20.95	21.35	361700	21.05						
10/10/2008	20.95	21.43	20.39	20.87	659300	20.58						
10/13/2008	21.55	22	21.5	22	332100	21.7						
10/14/2008	22.46	22.79	22.05	22.15	137200	21.84						
10/15/2008	21.89	22.06	21	21	119600	20.71						
10/16/2008	21	21.7	20.97	21.44	262300	21.14						
10/17/2008	21.32	21.8	21.32	21.43	155000	21.13						
10/20/2008	21.56	22.02	21.52	22.02	265100	21.71						
10/21/2008	21.36	21.56	20.95	20.95	97800	20.66						
10/22/2008	20.72	20.81	20.1	20.26	127100	19.98						
10/23/2008	20.08	20.66	20.08	20.53	154200	20.25						
10/24/2008	18.97	19.6	18.77	18.86	183800	18.6						
10/27/2008	18.82	19.17	18.67	18.77	357400	18.51						
10/28/2008	19.57	20.12	19.39	19.95	156700	19.67						
10/29/2008	20.31	20.94	20.28	20.38	123100	20.1						
10/30/2008	20.87	21.07	20.58	20.6	181500	20.31						
10/31/2008	20.57	20.97	20.54	20.55	119500	20.27						
11/3/2008	20.32	21.25	20.32	21.13	78900	20.84						
11/4/2008	21.52	21.9	21.44	21.76	175300	21.46						
11/5/2008	21.25	21.7	21.25	21.27	93300	20.98						
11/6/2008	21.16	21.4	20.7	21.09	102200	20.8						
11/7/2008	20.92	20.99	20.43	20.86	98800	20.57						
11/10/2008	21.31	21.42	20.65	20.71	42300	20.42						
11/11/2008	20.67	20.76	20	20.45	165300	20.17						
11/12/2008	19.91	20.26	19.4	19.61	164100	19.34						
11/13/2008	19.87	21	19.1	20.69	170400	20.4						
11/14/2008	20.14	20.53	20.04	20.3	72600	20.02						
11/17/2008	20.2	20.21	19.86	19.86	61200	19.58						
11/18/2008	19.89	20.11	19.64	19.78	65800	19.51						
11/19/2008	19.97	20.21	19.43	19.7	279600	19.43						
11/20/2008	19.32	19.53	17.54	18.84	533300	18.58						
11/21/2008	18.83	19.59	18.72	19.38	248800	19.11						
11/24/2008	19.19	20.1	19.19	19.9	714600	19.62						
11/25/2008	20.02	20.03	19.5	19.87	121800	19.59						
11/26/2008	19.73	20.18	19.7	20.08	62600	19.8						
11/28/2008	20.02	20.17	19.84	20.17	173300	19.89						
12/1/2008	19.78	20.21	19.17	19.25	47200	18.98						
12/2/2008	19.39	19.48	19.22	19.35	160700	19.08						
12/3/2008	19.3	19.48	19.03	19.41	110100	19.14						
12/4/2008	19.19	19.41	18.98	19.07	95500	18.81						
12/5/2008	19.06	19.47	18.85	19.46	215000	19.19						
12/8/2008	19.62	19.82	19.51	19.77	144500	19.5						
12/9/2008	19.51	19.63	19.23	19.33	129700	19.06						
12/10/2008	19.57	19.85	19.39	19.51	97900	19.24						
12/11/2008	19.17	20	19.17	19.81	86100	19.54						
12/12/2008	19.39	19.95	19.39	19.48	78700	19.21						
12/15/2008	19.17	19.39	19.13	19.23	77800	19.23						
12/16/2008	19.36	19.52	19.12	19.43	112400	19.43						
12/17/2008	19.26	19.52	19.26	19.33	101900	19.33						
12/18/2008	19.22	19.75	18.6	19.3	189500	19.3						
12/19/2008	19.1	19.15	18.82	18.86	140100	18.86						
12/22/2008	19.04	19.11	18.8	18.9	214500	18.9						
12/23/2008	19.02	19.06	18.81	18.95	118100	18.95						
12/24/2008	19	19.13	18.82	18.99	55800	18.99						
12/26/2008	18.86	19.34	18.62	18.93	170300	18.93						
12/29/2008	19.1	19.11	18.63	18.8	176800	18.8						
12/30/2008	19.03	19.1	18.41	18.55	174900	18.55						
12/31/2008	19.09	19.56	19.04	19.42	305700	19.42						
1/2/2009	19.31	19.65	19.3	19.65	41200	19.65						
1/5/2009	19.93	20.08	19.93	19.97	80800	19.97						
1/6/2009	20.12	20.35	20.09	20.32	78300	20.32						
1/7/2009	20.21	20.27	19.94	20.04	128400	20.04						
1/8/2009	19.86	19.95	19.76	19.82	616500	19.82						
1/9/2009	19.88	19.88	19.75	19.75	37100	19.75						
1/12/2009	19.49	19.49	19.18	19.24	1338900	19.24						
1/13/2009	18.91	18.95	18.64	18.73	72900	18.73						
1/14/2009	18.6	18.6	18.45	18.48	69300	18.48						
1/15/2009	18.6	18.73	18.34	18.69	65700	18.69						
1/16/2009	18.54	19.09	18.06	19.09	97300	19.09						
1/20/2009	18.75	18.78	18.27	18.42	76700	18.42						
1/21/2009	18.68	19.02	18.23	19.02	91300	19.02						
1/22/2009	18.56	18.82	18.51	18.7	47200	18.7						
1/23/2009	18.58	18.89	18.58	18.8	47800	18.8						
1/26/2009	19.01	19.06	18.74	18.85	95200	18.85						
1/27/2009	18.94	18.97	18.74	18.95	48600	18.95						
1/28/2009	19.09	19.29	18.83	19.02	116700	19.02						
1/29/2009	18.95	18.95	18.62	18.65	62200	18.65						
1/30/2009	18.49	18.52	18.4	18.44	113400	18.44						
2/2/2009	18.21	18.36	18.1	18.25	142500	18.25						
2/3/2009	18.3	18.59	18.18	18.58	183400	18.58						
2/4/2009	18.42	18.67	18.42	18.49	71000	18.49						
2/5/2009	18.68	19.16	18.63	18.99	85100	18.99						
2/6/2009	19.18	19.61	19.18	19.43	80200	19.43						
2/9/2009	19.64	19.78	19.54	19.62	62900	19.62						
2/10/2009	19.42	19.49	18.83	18.86	61600	18.86						
2/11/2009	19.08	19.17	18.91	19.01	36100	19.01						
2/12/2009	18.78	18.95	18.67	18.95	64500	18.95						
2/13/2009	19.14	19.23	19.07	19.19	64800	19.19						
2/17/2009	18.63	18.71	18.56	18.64	129100	18.64						
2/18/2009	18.81	18.85	18.68	18.78	148200	18.78						
2/19/2009	19.15	19.19	18.98	18.99	108500	18.99						
2/20/2009	18.82	19.11	18.81	18.85	86800	18.85						
2/23/2009	18.89	19.06	18.89	18.93	67700	18.93						
2/24/2009	18.99	19.3	18.76	19.23	122900	19.23						
2/25/2009	19.21	19.28	19.14	19.2	67200	19.2						
2/26/2009	19.23	19.31	19.14	19.2	111900	19.2						
2/27/2009	18.82	19.08	18.8	18.93	205800	18.93						
3/2/2009	18.53	18.78	18.49	18.57	145400	18.57						
3/3/2009	18.87	18.92	18.7	18.9	249900	18.9						
3/4/2009	19.04	19.22	19.01	19.2	84000	19.2						
3/5/2009	18.98	19.09	18.75	18.76	140200	18.76						
3/6/2009	18.92	19.03	18.75	18.79	110900	18.79						
3/9/2009	18.66	18.94	18.59	18.69	134500	18.69						
3/10/2009	18.07	19.05	18	19.05	79500	19.05						
3/11/2009	19.11	19.12	18.96	19	55700	19						
3/12/2009	19.26	19.54	19.26	19.44	103700	19.44						
3/13/2009	19.65	19.77	19.54	19.76	304400	19.76						
3/16/2009	19.83	19.97	19.78	19.82	149400	19.82						
3/17/2009	19.79	19.94	19.79	19.93	34400	19.93						
3/18/2009	19.8	20	19.32	19.95	44700	19.95						
3/19/2009	20.11	20.23	20.09	20.2	81500	20.2						
3/20/2009	20.19	20.31	20.16	20.19	47300	20.19						
3/23/2009	20.47	20.62	20.45	20.59	72800	20.59						
3/24/2009	20.45	20.63	20.34	20.35	100800	20.35						
3/25/2009	20.33	20.41	20.05	20.21	71400	20.21						
3/26/2009	20.56	20.62	20.46	20.53	91800	20.53						
3/27/2009	20.33	20.36	20.23	20.23	32600	20.23						
3/30/2009	19.97	20.09	19.9	20.01	89600	20.01						
3/31/2009	20.39	21.7	20.29	20.52	95300	20.52						
4/1/2009	20.31	20.48	20.23	20.42	60200	20.42						
4/2/2009	20.79	20.97	20.78	20.82	104600	20.82						
4/3/2009	20.84	21.01	20.75	20.93	43900	20.93						
4/6/2009	20.93	21.04	20.85	20.97	46100	20.97						
4/7/2009	20.88	20.92	20.71	20.77	163900	20.77						
4/8/2009	20.82	20.84	20.65	20.74	48100	20.74						
4/9/2009	20.91	21.01	20.84	20.9	39400	20.9						
4/13/2009	20.91	21.18	20.91	21.11	52500	21.11						
4/14/2009	20.91	20.94	20.78	20.84	55800	20.84						
4/15/2009	20.57	20.77	20.56	20.77	35400	20.77						
4/16/2009	20.62	20.7	20.5	20.55	68800	20.55						
4/17/2009	20.62	20.74	20.59	20.61	75800	20.61						
4/20/2009	20.43	20.43	20.02	20.15	242000	20.15						
4/21/2009	20.2	20.55	20.2	20.55	51600	20.55						
4/22/2009	20.3	20.52	20.3	20.46	134900	20.46						
4/23/2009	20.51	20.61	20.44	20.53	95100	20.53						
4/24/2009	20.55	20.69	20.54	20.61	129600	20.61						
4/27/2009	20.22	20.42	20.19	20.39	162400	20.39						
4/28/2009	20.13	20.26	20.12	20.23	62500	20.23						
4/29/2009	20.43	20.69	20.43	20.61	112300	20.61						
4/30/2009	20.52	20.64	20.45	20.48	274300	20.48						
5/1/2009	20.51	20.67	20.44	20.64	327300	20.64						
5/4/2009	20.75	20.76	20.63	20.7	36300	20.7						
5/5/2009	20.83	20.9	20.67	20.77	41900	20.77						
5/6/2009	20.83	20.92	20.74	20.84	68400	20.84						
5/7/2009	21.22	21.22	20.95	21.06	81600	21.06						
5/8/2009	21.11	21.28	21.05	21.25	94700	21.25						
5/11/2009	20.94	21.07	20.86	20.96	53600	20.96						
5/12/2009	21.12	21.12	20.83	20.94	47600	20.94						
5/13/2009	20.99	20.99	20.52	20.56	33700	20.56						
5/14/2009	20.6	20.89	20.6	20.86	46800	20.86						
5/15/2009	20.62	20.7	20.51	20.56	47400	20.56						
5/18/2009	20.75	20.96	20.62	20.92	52900	20.92						
5/19/2009	20.99	21.17	20.99	21.12	187700	21.12						
5/20/2009	21	21.11	20.9	20.94	148900	20.94						
5/21/2009	20.77	20.94	20.73	20.88	77600	20.88						
5/22/2009	20.8	21.15	20.8	21.02	161100	21.02						
5/26/2009	20.75	21.07	20.75	21.04	63200	21.04						
5/27/2009	20.92	21.02	20.84	20.88	79600	20.88						
5/28/2009	20.81	21.17	20.81	21.08	100900	21.08						
5/29/2009	21.22	21.27	21.11	21.27	226500	21.27						
6/1/2009	21.33	21.78	21.31	21.72	191000	21.72						
6/2/2009	21.55	21.71	21.5	21.67	125200	21.67						
6/3/2009	21.38	21.38	21.02	21.14	157700	21.14						
6/4/2009	21.25	21.34	21.14	21.33	115800	21.33						
6/5/2009	21.35	21.47	21.26	21.37	101900	21.37						
6/8/2009	21.27	21.27	21.13	21.21	100000	21.21						
6/9/2009	21.38	21.39	20.9	21.34	79800	21.34						
6/10/2009	21.5	21.54	21.27	21.4	228600	21.4						
6/11/2009	21.65	21.75	21.54	21.69	95300	21.69						
6/12/2009	21.56	21.75	21.55	21.75	46000	21.75						
6/15/2009	21.51	21.51	21.26	21.34	229500	21.34						
6/16/2009	21.37	21.41	21.17	21.25	55500	21.25						
6/17/2009	21.1	21.28	21	21.22	41500	21.22						
6/18/2009	21.36	21.55	21.28	21.43	135300	21.43						
6/19/2009	21.46	21.51	21.4	21.45	168600	21.45						
6/22/2009	21.12	21.12	20.91	20.98	116400	20.98						
6/23/2009	20.96	21.08	20.86	21	91200	21						
6/24/2009	21.35	21.4	21.16	21.22	203600	21.22						
6/25/2009	21.28	21.41	21.24	21.4	94800	21.4						
6/26/2009	21.41	21.43	21.29	21.34	53200	21.34						
6/29/2009	21.38	21.58	21.35	21.55	61400	21.55						
6/30/2009	21.6	21.61	21.42	21.51	172100	21.51						
7/1/2009	21.52	21.59	21.42	21.42	67000	21.42						
7/2/2009	21.26	21.26	21.09	21.14	92400	21.14						
7/6/2009	20.89	21.17	20.88	21.17	74900	21.17						
7/7/2009	21.17	21.17	20.9	20.9	50400	20.9						
7/8/2009	20.83	20.9	20.4	20.55	88000	20.55						
7/9/2009	20.75	20.78	20.64	20.71	88800	20.71						
7/10/2009	20.61	20.65	20.5	20.58	24300	20.58						
7/13/2009	20.52	20.76	20.46	20.74	53600	20.74						
7/14/2009	20.87	20.97	20.82	20.93	54100	20.93						
7/15/2009	21.19	21.37	21.19	21.34	55100	21.34						
7/16/2009	21.2	21.31	21.14	21.25	47900	21.25						
7/17/2009	21.25	21.31	21.17	21.26	59800	21.26						
7/20/2009	21.52	21.57	21.46	21.53	90900	21.53						
7/21/2009	21.62	21.62	21.35	21.49	43700	21.49						
7/22/2009	21.43	21.61	21.38	21.5	74400	21.5						
7/23/2009	21.6	21.8	21.6	21.72	93800	21.72						
7/24/2009	21.66	21.75	21.63	21.72	127500	21.72						
7/27/2009	21.8	21.9	21.78	21.87	50900	21.87						
7/28/2009	21.92	21.96	21.76	21.91	55900	21.91						
7/29/2009	21.85	21.89	21.67	21.81	76200	21.81						
7/30/2009	21.88	22	21.88	21.93	131400	21.93						
7/31/2009	21.93	22.09	21.91	22.02	239600	22.02						
8/3/2009	22.23	22.33	22.17	22.32	80100	22.32						
8/4/2009	22.26	22.35	22.16	22.35	231100	22.35						
8/5/2009	22.39	22.42	22.2	22.36	86000	22.36						
8/6/2009	22.35	23.22	22.26	22.47	245700	22.47						
8/7/2009	22.43	22.65	22.43	22.44	125500	22.44						
8/10/2009	22.53	22.56	22.38	22.44	100700	22.44						
8/11/2009	22.24	22.24	22.05	22.07	67300	22.07						
8/12/2009	22.04	22.45	22.04	22.39	168100	22.39						
8/13/2009	22.46	22.54	22.33	22.46	51700	22.46						
8/14/2009	22.46	22.47	22.19	22.27	92400	22.27						
8/17/2009	22	22.04	21.9	22	199000	22						
8/18/2009	22.07	22.24	22.02	22.21	173100	22.21						
8/19/2009	21.95	22.2	21.93	22.2	168900	22.2						
8/20/2009	22.16	22.33	22.16	22.29	138500	22.29						
8/21/2009	22.32	22.47	22.29	22.3	67800	22.3						
8/24/2009	22.52	22.55	22.4	22.4	109100	22.4						
8/25/2009	22.42	22.5	22.29	22.29	69700	22.29						
8/26/2009	22.21	22.3	22.18	22.26	47000	22.26						
8/27/2009	22.26	22.38	22.16	22.37	66600	22.37						
8/28/2009	22.44	22.46	22.32	22.37	49400	22.37						
8/31/2009	22.24	22.37	22.17	22.37	40500	22.37						
9/1/2009	22.21	22.35	21.96	21.99	98900	21.99						
9/2/2009	21.9	22.06	21.81	21.95	101900	21.95						
9/3/2009	22.16	22.24	22.1	22.24	70700	22.24						
9/4/2009	22.25	22.52	22.25	22.49	55300	22.49						
9/8/2009	23.3	23.3	22.57	22.66	53600	22.66						
9/9/2009	22.64	22.65	22.5	22.6	86200	22.6						
9/10/2009	22.56	22.62	22.44	22.62	96800	22.62						
9/11/2009	22.55	22.71	22.48	22.52	68900	22.52						
9/14/2009	22.46	22.51	22.39	22.51	39300	22.51						
9/15/2009	22.55	22.65	22.35	22.57	54000	22.57						
9/16/2009	22.7	22.88	22.69	22.82	254200	22.82						
9/17/2009	22.76	22.9	22.67	22.74	302500	22.74						
9/18/2009	22.69	22.78	22.65	22.73	318900	22.73						
9/21/2009	22.74	22.91	22.55	22.68	66000	22.68						
9/22/2009	22.88	22.92	22.81	22.88	89800	22.88						
9/23/2009	22.95	23.06	22.85	22.85	191100	22.85						
9/24/2009	22.91	22.94	22.75	22.79	47700	22.79						
9/25/2009	22.72	22.76	22.62	22.67	152000	22.67						
9/28/2009	22.64	22.79	22.6	22.72	112700	22.72						
9/29/2009	22.75	22.84	22.7	22.76	66400	22.76						
9/30/2009	23.01	23.05	22.89	23.01	45900	23.01						
10/1/2009	23.01	23.01	22.71	22.78	94900	22.78						
10/2/2009	22.6	22.78	22.58	22.74	51700	22.74						
10/5/2009	22.9	23.1	22.85	23	167200	23						
10/6/2009	23.15	23.24	23.14	23.18	126000	23.18						
10/7/2009	23.2	23.21	23.11	23.15	154900	23.15						
10/8/2009	23.34	23.47	23.29	23.4	101100	23.4						
10/9/2009	23.45	23.49	23.38	23.45	57600	23.45						
10/12/2009	23.47	23.5	23.41	23.47	68300	23.47						
10/13/2009	23.5	23.51	23.4	23.46	102700	23.46						
10/14/2009	23.6	23.63	23.52	23.61	77800	23.61						
10/15/2009	23.74	23.82	23.71	23.81	128000	23.81						
10/16/2009	23.74	23.75	23.61	23.69	134300	23.69						
10/19/2009	23.77	23.98	23.68	23.97	130200	23.97						
10/20/2009	23.89	24.1	23.71	23.8	81400	23.8						
10/21/2009	23.88	24.08	23.87	23.92	146300	23.92						
10/22/2009	23.89	24.06	23.89	24.05	81600	24.05						
10/23/2009	24.08	24.08	23.94	23.99	96300	23.99						
10/26/2009	24.02	24.05	23.8	23.84	128400	23.84						
10/27/2009	23.8	23.87	23.7	23.76	139200	23.76						
10/28/2009	23.53	23.53	23.18	23.26	202600	23.26						
10/29/2009	23.38	23.71	23.37	23.63	91700	23.63						
10/30/2009	23.52	24.17	23.05	23.19	95100	23.19						
11/2/2009	23.18	23.35	23.04	23.17	359300	23.17						
11/3/2009	23	23.17	23	23.16	74300	23.16						
11/4/2009	23.36	23.49	23	23.38	414000	23.38						
11/5/2009	23.34	23.36	23.26	23.33	140200	23.33						
11/6/2009	23.27	23.41	23.27	23.37	47400	23.37						
11/9/2009	23.66	23.75	23.6	23.75	201700	23.75						
11/10/2009	23.64	23.75	23.62	23.72	62400	23.72						
11/11/2009	23.66	23.75	23.6	23.65	94800	23.65						
11/12/2009	23.71	23.74	23.54	23.58	56800	23.58						
11/13/2009	23.6	23.8	23.58	23.79	78700	23.79						
11/16/2009	23.78	23.89	23.74	23.84	159800	23.84						
11/17/2009	23.75	23.78	23.67	23.78	136800	23.78						
11/18/2009	23.75	23.77	23.64	23.77	64700	23.77						
11/19/2009	23.5	23.52	23.3	23.45	139700	23.45						
11/20/2009	23.3	23.37	23.24	23.35	126300	23.35						
11/23/2009	23.52	23.58	23.5	23.57	72900	23.57						
11/24/2009	23.37	23.41	23.21	23.31	112100	23.31						
11/25/2009	23.25	23.41	23.23	23.36	141700	23.36						
11/27/2009	23.25	23.44	22.61	22.87	191400	22.87						
11/30/2009	22.85	22.92	22.71	22.86	133500	22.86						
12/1/2009	23.08	23.21	23.05	23.11	309800	23.11						
12/2/2009	23.22	23.3	23.12	23.22	97000	23.22						
12/3/2009	23.3	23.35	23.2	23.23	90600	23.23						
12/4/2009	23.34	23.41	23.2	23.26	70500	23.26						
12/7/2009	23.16	23.25	23.11	23.15	68000	23.15						
12/8/2009	23.05	23.05	22.75	22.81	202200	22.81						
12/9/2009	22.92	23	22.79	22.96	112000	22.96						
12/10/2009	23.06	23.3	22.97	23.16	43400	23.16						
12/11/2009	23.38	23.38	23.23	23.28	72900	23.28						
12/14/2009	23.24	23.34	23.16	23.31	57800	23.31						
12/15/2009	23.19	23.31	23.18	23.21	114200	23.21						
12/16/2009	23.17	23.29	23.17	23.26	87400	23.26						
12/17/2009	23.04	23.07	22.9	22.95	140600	22.95						
12/18/2009	22.97	23.04	22.93	23	83200	23						
12/21/2009	23	23.04	22.91	22.92	131900	22.92						
12/22/2009	22.95	23	22.89	22.97	108800	22.97						
12/23/2009	22.92	22.98	22.9	22.97	108000	22.97						
12/24/2009	23.04	23.04	22.91	23.01	35800	23.01						
12/28/2009	23.07	23.12	23.05	23.1	44100	23.1						
12/29/2009	23.3	23.36	23.28	23.32	72000	23.32						
12/30/2009	23.29	23.41	23.29	23.35	80000	23.35						
12/31/2009	23.46	23.55	23.42	23.54	129700	23.54						
1/4/2010	23.68	23.78	23.68	23.76	245200	23.76						
1/5/2010	23.72	23.77	23.65	23.73	124600	23.73						
